K_means for 1 clusters
Iters 1
Operating
Waiting result from sink
Iter time: 0.4927073121070862
Sizes [470758]
END
Saved in datasets\results\netflix2_reduced_result1c.csv
Distorsion recieved
K_means for 690 clusters
Iters 1
Operating
Waiting result from sink
Iter time: 140.46573355992635
Iters 2
Operating
Waiting result from sink
Iter time: 154.75703692436218
Iters 3
Operating
Waiting result from sink
Iter time: 153.7845888654391
Iters 4
Operating
Waiting result from sink
Iter time: 154.5149552981059
Iters 5
Operating
Waiting result from sink
Iter time: 153.78407344818115
Iters 6
Operating
Waiting result from sink
Iter time: 153.73254940509796
Sizes [65, 72, 73, 74, 78, 81, 83, 84, 90, 92, 95, 99, 101, 102, 103, 107, 108, 111, 111, 112, 113, 114, 119, 119, 127, 130, 134, 140, 141, 144, 144, 147, 150, 151, 157, 158, 158, 160, 168, 170, 171, 175, 178, 179, 180, 183, 183, 185, 185, 188, 188, 189, 191, 194, 195, 199, 201, 204, 207, 207, 208, 208, 211, 211, 213, 215, 215, 217, 231, 232, 234, 236, 236, 238, 241, 242, 243, 247, 253, 253, 255, 258, 262, 263, 263, 264, 264, 265, 267, 268, 270, 271, 273, 273, 275, 275, 276, 278, 280, 282, 284, 287, 288, 291, 292, 296, 300, 307, 307, 308, 309, 310, 311, 314, 316, 317, 317, 320, 328, 331, 332, 335, 335, 339, 339, 339, 341, 341, 341, 341, 345, 357, 359, 362, 362, 363, 364, 364, 364, 366, 370, 370, 371, 373, 375, 376, 376, 377, 377, 380, 381, 383, 384, 388, 389, 389, 391, 391, 393, 396, 398, 399, 399, 400, 400, 401, 401, 403, 404, 404, 407, 409, 416, 417, 419, 422, 422, 423, 423, 424, 426, 427, 427, 427, 429, 431, 434, 436, 436, 440, 444, 445, 445, 447, 453, 454, 454, 456, 457, 459, 459, 463, 466, 468, 471, 471, 477, 481, 482, 484, 485, 485, 486, 486, 487, 487, 493, 493, 494, 495, 498, 499, 499, 500, 500, 504, 504, 504, 506, 507, 507, 509, 509, 509, 510, 510, 511, 511, 512, 514, 516, 518, 519, 520, 520, 523, 523, 524, 525, 527, 529, 531, 531, 532, 533, 536, 537, 538, 541, 543, 546, 546, 551, 552, 553, 553, 555, 555, 555, 556, 556, 557, 558, 564, 565, 566, 566, 567, 569, 571, 572, 572, 573, 573, 573, 579, 582, 583, 587, 588, 588, 589, 590, 590, 591, 591, 591, 591, 593, 593, 593, 593, 593, 596, 597, 597, 599, 599, 600, 601, 601, 602, 603, 603, 604, 605, 605, 605, 607, 611, 611, 612, 613, 614, 617, 618, 618, 620, 623, 628, 629, 631, 632, 635, 636, 637, 637, 638, 638, 640, 641, 641, 645, 645, 646, 646, 647, 650, 651, 652, 656, 657, 657, 658, 659, 659, 660, 661, 663, 665, 667, 668, 670, 670, 674, 674, 675, 675, 677, 677, 679, 685, 686, 687, 693, 694, 694, 696, 698, 698, 700, 701, 702, 705, 706, 708, 709, 709, 711, 712, 713, 715, 715, 716, 717, 718, 718, 720, 721, 722, 722, 724, 726, 727, 728, 731, 732, 732, 734, 734, 735, 735, 735, 736, 737, 741, 745, 746, 747, 751, 754, 757, 759, 762, 762, 763, 763, 764, 766, 767, 768, 770, 772, 773, 774, 774, 776, 776, 776, 778, 780, 783, 783, 784, 788, 789, 792, 797, 797, 798, 798, 799, 801, 804, 808, 808, 809, 809, 811, 812, 818, 818, 819, 820, 820, 820, 821, 822, 824, 824, 826, 828, 828, 830, 831, 831, 833, 834, 836, 839, 841, 843, 844, 848, 851, 853, 856, 856, 857, 859, 861, 861, 862, 865, 866, 872, 878, 878, 879, 880, 881, 883, 883, 884, 886, 888, 889, 890, 891, 892, 893, 893, 896, 899, 900, 901, 904, 904, 906, 907, 908, 910, 912, 916, 916, 917, 917, 917, 921, 924, 929, 929, 930, 932, 935, 937, 939, 939, 939, 940, 947, 948, 953, 954, 959, 963, 965, 967, 967, 968, 973, 976, 982, 982, 983, 984, 985, 986, 987, 990, 991, 992, 993, 994, 994, 997, 998, 998, 1000, 1000, 1002, 1004, 1006, 1007, 1007, 1008, 1008, 1008, 1011, 1015, 1016, 1016, 1025, 1026, 1027, 1030, 1032, 1034, 1035, 1040, 1042, 1048, 1048, 1049, 1052, 1053, 1055, 1056, 1057, 1060, 1060, 1063, 1064, 1069, 1071, 1073, 1074, 1075, 1077, 1080, 1084, 1086, 1090, 1091, 1096, 1099, 1101, 1106, 1109, 1115, 1118, 1118, 1124, 1124, 1125, 1125, 1126, 1128, 1141, 1143, 1144, 1151, 1155, 1159, 1170, 1179, 1194, 1194, 1208, 1223, 1223, 1224, 1225, 1233, 1236, 1237, 1243, 1248, 1259, 1260, 1263, 1265, 1280, 1288, 1289, 1296, 1310, 1311, 1318, 1322, 1335, 1356, 1367, 1369, 1381, 1382, 1422, 1434, 1435, 1462, 1471, 1473, 1482, 1482, 1512, 1526, 1636, 1652, 1661, 1766, 1772, 1791, 1794, 1868, 1901, 2027, 2119, 2146, 2161, 2319]
END
Saved in datasets\results\netflix2_reduced_result690c.csv
Distorsion recieved
K_means for 345 clusters
Iters 1
Operating
Waiting result from sink
Iter time: 69.40165691773096
Iters 2
Operating
Waiting result from sink
Iter time: 76.83426503737768
Iters 3
Operating
Waiting result from sink
Iter time: 77.20275403261185
Iters 4
Operating
Waiting result from sink
Iter time: 78.66163980960846
Iters 5
Operating
Waiting result from sink
Iter time: 85.76672402222951
Iters 6
Operating
Waiting result from sink
Iter time: 80.19146675268809
Sizes [240, 266, 267, 283, 303, 307, 321, 325, 326, 331, 341, 351, 366, 408, 421, 425, 430, 437, 449, 460, 462, 478, 480, 495, 525, 529, 548, 584, 592, 595, 616, 618, 620, 621, 625, 629, 635, 641, 651, 659, 661, 674, 679, 682, 683, 696, 724, 748, 753, 756, 767, 767, 792, 797, 799, 805, 817, 818, 825, 828, 832, 840, 841, 851, 856, 860, 861, 862, 869, 871, 877, 878, 881, 882, 884, 890, 897, 897, 902, 908, 913, 916, 921, 924, 928, 931, 941, 948, 955, 959, 967, 967, 979, 979, 984, 986, 988, 996, 997, 1002, 1006, 1008, 1009, 1010, 1018, 1032, 1037, 1065, 1070, 1077, 1080, 1081, 1083, 1084, 1084, 1088, 1104, 1115, 1121, 1122, 1124, 1131, 1138, 1142, 1142, 1143, 1161, 1171, 1173, 1174, 1180, 1181, 1182, 1185, 1187, 1188, 1193, 1197, 1203, 1206, 1206, 1218, 1228, 1231, 1235, 1236, 1243, 1248, 1252, 1254, 1258, 1258, 1268, 1271, 1276, 1290, 1297, 1297, 1301, 1305, 1308, 1310, 1311, 1313, 1316, 1319, 1320, 1321, 1323, 1328, 1339, 1341, 1352, 1355, 1358, 1362, 1368, 1370, 1373, 1375, 1384, 1386, 1388, 1391, 1392, 1394, 1397, 1398, 1398, 1399, 1400, 1402, 1407, 1408, 1410, 1414, 1426, 1430, 1433, 1435, 1438, 1444, 1445, 1446, 1448, 1473, 1483, 1486, 1492, 1495, 1498, 1499, 1501, 1512, 1521, 1522, 1528, 1529, 1531, 1533, 1539, 1539, 1547, 1548, 1551, 1554, 1558, 1564, 1565, 1567, 1568, 1568, 1575, 1583, 1589, 1593, 1596, 1599, 1608, 1615, 1619, 1622, 1631, 1637, 1639, 1642, 1655, 1658, 1661, 1663, 1663, 1673, 1674, 1705, 1706, 1707, 1708, 1710, 1711, 1718, 1724, 1726, 1734, 1735, 1739, 1741, 1752, 1755, 1757, 1770, 1778, 1781, 1800, 1809, 1810, 1822, 1830, 1834, 1839, 1848, 1864, 1866, 1868, 1872, 1876, 1879, 1884, 1901, 1906, 1907, 1919, 1927, 1928, 1943, 1950, 1950, 1959, 1975, 1978, 1981, 1987, 2028, 2031, 2040, 2064, 2064, 2092, 2105, 2105, 2113, 2121, 2131, 2148, 2187, 2200, 2206, 2222, 2225, 2245, 2276, 2289, 2345, 2366, 2378, 2406, 2436, 2450, 2473, 2491, 2539, 2542, 2561, 2587, 2588, 2609, 2617, 2681, 2688, 2716, 2717, 2751, 2807, 2809, 2824, 2857]
END
Saved in datasets\results\netflix2_reduced_result345c.csv
Distorsion recieved
K_means for 173 clusters
Iters 1
Operating
Waiting result from sink
Iter time: 35.891027987003326
Iters 2
Operating
Waiting result from sink
Iter time: 39.9345982670784
Iters 3
Operating
Waiting result from sink
Iter time: 39.89673643906911
Iters 4
Operating
Waiting result from sink
Iter time: 39.800501108169556
Iters 5
Operating
Waiting result from sink
Iter time: 39.8722093184789
Iters 6
Operating
Waiting result from sink
Iter time: 39.87668067216873
Sizes [502, 523, 688, 880, 890, 942, 977, 988, 1007, 1018, 1115, 1150, 1166, 1314, 1363, 1463, 1491, 1543, 1560, 1569, 1609, 1671, 1695, 1752, 1797, 1822, 1826, 1827, 1832, 1832, 1865, 1893, 1908, 1908, 1916, 1926, 2004, 2024, 2061, 2106, 2151, 2170, 2184, 2187, 2191, 2191, 2193, 2229, 2257, 2262, 2262, 2266, 2276, 2286, 2330, 2348, 2370, 2373, 2386, 2394, 2410, 2445, 2450, 2465, 2472, 2478, 2479, 2489, 2491, 2509, 2524, 2542, 2574, 2599, 2612, 2670, 2671, 2680, 2685, 2689, 2692, 2697, 2712, 2712, 2720, 2720, 2724, 2724, 2725, 2729, 2742, 2749, 2769, 2775, 2776, 2787, 2788, 2818, 2835, 2847, 2849, 2866, 2900, 2900, 2901, 2911, 2935, 2956, 2989, 2993, 2996, 3037, 3039, 3039, 3066, 3086, 3089, 3099, 3102, 3128, 3162, 3169, 3174, 3176, 3221, 3225, 3225, 3228, 3240, 3289, 3301, 3314, 3364, 3368, 3406, 3412, 3460, 3471, 3501, 3553, 3579, 3585, 3598, 3640, 3662, 3674, 3702, 3704, 3716, 3733, 3750, 3769, 3804, 3849, 3851, 3909, 3926, 3930, 3972, 4024, 4097, 4119, 4134, 4211, 4233, 4238, 4385, 4402, 4526, 4732, 4855, 5253, 5352]
END
Saved in datasets\results\netflix2_reduced_result173c.csv
Distorsion recieved
Iters 1
Operating
Waiting result from sink
Iter time: 18.21734673579534
Iters 2
Operating
Waiting result from sink
Iter time: 20.15821543534597
Iters 3
Operating
Waiting result from sink
Iter time: 20.2791805823644
Iters 4
Operating
Waiting result from sink
Iter time: 20.079272798697154
Iters 5
Operating
Waiting result from sink
Iter time: 20.349618550141653
Sizes [845, 1355, 2167, 2262, 2273, 2430, 2474, 2745, 2757, 3096, 3247, 3415, 3562, 3628, 3651, 3669, 3728, 3842, 3905, 3913, 3954, 4226, 4513, 4527, 4619, 4659, 4701, 4719, 4748, 4758, 4770, 4782, 4792, 4925, 4986, 5009, 5036, 5110, 5192, 5197, 5214, 5232, 5292, 5346, 5441, 5470, 5500, 5542, 5718, 5719, 5800, 5832, 5839, 5852, 5915, 5947, 6187, 6219, 6365, 6366, 6410, 6448, 6641, 6750, 6754, 6822, 6837, 7023, 7114, 7132, 7251, 7293, 7295, 7314, 7412, 7424, 7431, 7755, 7850, 7880, 7892, 8088, 8112, 8304, 8658, 8756, 9129]
END
Saved in datasets\results\netflix2_reduced_result87c.csv
Distorsion recieved
K_means for 44 clusters
Iters 1
Operating
Waiting result from sink
Iter time: 9.389041944344838
Iters 2
Operating
Waiting result from sink
Iter time: 10.274418584505717
Iters 3
Operating
Waiting result from sink
Iter time: 10.361633865038554
Iters 4
Operating
Waiting result from sink
Iter time: 10.453422963619232
Iters 5
Operating
Waiting result from sink
Iter time: 10.399627184867859
Iters 6
Operating
Waiting result from sink
Iter time: 10.389409800370535
Sizes [4656, 4717, 5598, 5989, 6814, 6950, 7364, 7424, 7569, 7641, 7700, 8616, 9674, 9699, 10092, 10217, 10519, 10670, 10779, 11011, 11134, 11155, 11291, 11395, 11553, 11578, 11601, 11602, 11814, 12002, 12045, 12164, 12415, 12438, 12664, 13368, 13445, 13462, 13509, 14552, 14783, 14979, 15266, 16844]
END
Saved in datasets\results\netflix2_reduced_result44c.csv
Distorsion recieved
K_means for 130 clusters
Iters 1
Operating
Waiting result from sink
Iter time: 26.95168169736862
Iters 2
Operating
Waiting result from sink
Iter time: 31.06573425134023
Iters 3
Operating
Waiting result from sink
Iter time: 38.23136415084203
Iters 4
Operating
Waiting result from sink
Iter time: 58.664457265535994
Iters 5
Operating
Waiting result from sink
Iter time: 756.3744365215301
Iters 6
Operating
Waiting result from sink
Iter time: 41.07686802148819
Sizes [692, 773, 905, 940, 979, 1050, 1107, 1197, 1331, 1367, 1446, 1469, 1593, 1625, 1905, 1914, 1959, 2096, 2141, 2214, 2228, 2233, 2299, 2348, 2354, 2360, 2386, 2424, 2476, 2567, 2589, 2617, 2627, 2654, 2766, 2784, 2874, 2882, 2888, 2890, 2954, 2965, 3025, 3030, 3037, 3040, 3052, 3055, 3101, 3148, 3224, 3281, 3340, 3358, 3359, 3400, 3403, 3451, 3471, 3474, 3485, 3567, 3573, 3574, 3586, 3629, 3683, 3687, 3734, 3772, 3783, 3806, 3814, 3827, 3870, 3891, 3929, 3965, 3997, 4041, 4061, 4088, 4088, 4089, 4127, 4142, 4260, 4306, 4359, 4373, 4403, 4420, 4426, 4474, 4488, 4513, 4522, 4557, 4579, 4585, 4588, 4610, 4640, 4720, 4739, 4816, 4928, 4952, 4964, 5128, 5157, 5186, 5233, 5291, 5360, 5423, 5466, 5487, 5493, 5545, 5608, 5752, 5806, 5827, 5840, 5861, 6279, 7107, 7291, 7471]
END
Saved in datasets\results\netflix2_reduced_result130c.csv
Distorsion recieved
K_means for 65 clusters
Iters 1
Operating
Waiting result from sink
Iter time: 18.22206819852193
Iters 2
Operating
Waiting result from sink
Iter time: 18.564782027403513
Iters 3
Operating
Waiting result from sink
Iter time: 20.40147488117218
Iters 4
Operating
Waiting result from sink
Iter time: 19.3234228293101
Iters 5
Operating
Waiting result from sink
Iter time: 8.747950979073842
Iters 6
Operating
Waiting result from sink
Iter time: 15.161276845137278
Iters 7
Operating
Waiting result from sink
Iter time: 7.1484569907188416
Iters 8
Operating
Waiting result from sink
Iter time: 18.695851759115854
Iters 9
Operating
Waiting result from sink
Iter time: 19.004188295205434
Iters 10
Operating
Waiting result from sink
Iter time: 16.226912303765616
Sizes [2542, 3383, 3450, 3474, 3516, 4005, 4292, 4695, 4826, 4874, 5097, 5121, 5170, 5200, 5308, 5393, 5525, 5549, 5675, 5895, 6128, 6183, 6190, 6275, 6362, 6577, 6584, 6752, 6783, 6998, 7025, 7167, 7206, 7261, 7272, 7403, 7447, 7594, 7596, 7616, 7936, 7979, 8174, 8297, 8605, 8688, 8874, 8996, 9021, 9308, 9383, 9401, 9464, 9471, 9492, 9531, 9644, 9753, 10275, 10510, 10760, 11191, 11283, 11485, 11828]
END
Saved in datasets\results\netflix2_reduced_result65c.csv
Distorsion recieved
K_means for 195 clusters
Iters 1
Operating
Waiting result from sink
Iter time: 50.6863522251447
Iters 2
Operating
Waiting result from sink
Iter time: 47.82840479214986
Iters 3
Operating
Waiting result from sink
Iter time: 45.85420670509338
Iters 4
Operating
Waiting result from sink
Iter time: 46.066786698500316
Iters 5
Operating
Waiting result from sink
Iter time: 45.30656176805496
Iters 6
Operating
Waiting result from sink
Iter time: 44.8265015522639
Sizes [514, 529, 780, 786, 902, 920, 921, 927, 931, 933, 1031, 1038, 1087, 1112, 1177, 1190, 1221, 1325, 1326, 1368, 1396, 1399, 1435, 1478, 1502, 1502, 1539, 1586, 1640, 1645, 1649, 1652, 1661, 1661, 1680, 1709, 1723, 1725, 1730, 1741, 1741, 1747, 1761, 1785, 1786, 1806, 1811, 1852, 1873, 1881, 1889, 1890, 1890, 1902, 1916, 1951, 1956, 1957, 1960, 1979, 1979, 2020, 2021, 2034, 2049, 2050, 2072, 2075, 2095, 2099, 2103, 2116, 2139, 2177, 2186, 2187, 2214, 2229, 2231, 2234, 2239, 2247, 2270, 2304, 2306, 2309, 2318, 2318, 2347, 2352, 2357, 2378, 2383, 2388, 2393, 2397, 2397, 2401, 2405, 2407, 2407, 2411, 2422, 2428, 2436, 2445, 2446, 2447, 2452, 2462, 2470, 2491, 2506, 2520, 2520, 2531, 2545, 2593, 2603, 2610, 2614, 2620, 2620, 2622, 2662, 2671, 2681, 2688, 2707, 2718, 2720, 2733, 2743, 2744, 2745, 2748, 2761, 2777, 2779, 2780, 2794, 2836, 2864, 2885, 2887, 2919, 2932, 2941, 2982, 2984, 2984, 2990, 3005, 3056, 3059, 3061, 3064, 3074, 3080, 3081, 3083, 3123, 3124, 3133, 3147, 3169, 3237, 3288, 3302, 3312, 3320, 3349, 3378, 3388, 3391, 3466, 3532, 3533, 3537, 3546, 3546, 3577, 3631, 3642, 3700, 3716, 3770, 3828, 3889, 3961, 3969, 4700, 4778, 5399, 6308]
END
Saved in datasets\results\netflix2_reduced_result195c.csv
Distorsion recieved



Clusters:
 [1, 690, 345, 173, 87, 44, 130, 65, 195]
Distorsions:
 [748261.2298880987, 451985.90720086993, 477325.23948707746, 505924.88068181043, 538132.8370043052, 573873.8448083469, 518628.10350099904, 554697.9132011377, 501934.8488524225]
Distances:
 [0.0, 0.0, 286.07160538265117, 391.56172154363605, 402.6608131691876, 362.5437921024762, 405.01983724166865, 386.13811691833365, 378.8407330282892]
OPTIMUM K: 130
Average time = 40 Hours